1004 1006 1000 1006
1009 1005 1005 1007
3134 1009 1008 1006
1008 1000 1006 1007
1006 1007 1002 1002
1002 1006 1005 1004
1002 1008 1006 1003
1008 1006 1008 1005
1006 7394 1003 1006
4368 1002 1006 1004
1001 9677 1009 6518
1006 1008 1007 1009
1004 1007 1000 1002
1008 1003 1005 1006
1000 1006 1009 1006
1008 1005 1009 1001
1008 1000 1005 6148
1001 1003 1000 1000
1002 1001 1009 1001
1003 1002 1002 1007
4350 1000 1005 1005
1003 1003 1004 1005
1003 1000 1003 1001
1002 1000 1000 1006
1009 1001 1003 1008
1003 8556 1005 1001
9758 4437 6368 1005
1005 1008 5072 1000
1008 1002 1007 1002
1000 1008 1006 1005
1003 1005 7119 1009
1001 1000 1004 1000
1009 1003 1005 1001
1003 1009 1009 1006
1001 1008 1008 1001
1007 1005 1001 1005
1007 1003 8568 1007
1004 1006 1007 1009
1002 1007 1008 1005
1008 1000 1006 1003
1006 1003 1002 1005
1008 1005 1008 1004
2623 1006 1003 1008
1009 1004 1007 1007
1007 1007 1009 9284
1000 6106 2337 6876
1003 1006 1006 8794
1005 1005 1001 1002
1003 1004 1001 1002
1004 1002 1001 1008
