73 53 15 70
42 63 58 10
24 35 38 53
62 80 17 43
29 36 94 12
66 12 72 22
57 38 40 86
32 75 31 23
68 55 95 97
68 19 17 92
65 96 33 91
35 20 89 78
16 22 40 64
32 16 84 58
82 94 51 89
39 62 14 71
74 60 89 57
11 75 83 39
85 81 54 47
87 76 38 59
21 11 46 40
13 19 55 73
46 67 22 11
19 92 83 49
56 99 34 40
97 58 30 67
17 27 93 44
42 10 22 47
34 49 55 27
77 62 35 14
77 85 21 50
33 31 66 37
25 34 61 36
63 27 35 77
95 68 88 43
26 75 46 16
46 81 36 69
52 18 27 94
14 92 25 52
97 54 48 79
88 86 21 66
17 41 21 31
53 93 27 21
62 37 26 71
90 67 65 82
12 66 28 39
29 14 96 20
44 69 41 45
44 13 72 20
13 98 69 37
17 81 90 73
84 39 52 15
64 60 50 30
81 71 41 83
11 32 22 70
37 59 29 45
50 26 28 32
70 47 33 24
25 55 16 77
80 51 80 89
82 61 11 59
84 44 41 28
99 61 51 87
30 85 95 34
45 51 46 60
86 92 28 48
23 33 72 41
42 52 42 72
38 98 74 45
43 95 10 88
91 10 64 61
99 90 30 15
93 43 38 85
99 16 12 29
68 42 78 39
26 78 79 13
82 20 31 84
93 79 69 76
60 63 87 83
73 24 49 25
18 94 32 74
88 36 24 47
31 25 80 67
63 98 18 56
74 12 15 71
18 34 86 53
58 76 18 57
30 76 98 15
49 28 54 79
50 36 54 20
56 96 45 48
65 35 33 19
57 37 43 64
23 14 13 44
70 26 91 19
29 56 48 91
87 23 59 90
23 75 40 65
96 78 24 97
