6004
2881
6403
3323
4410
6302
9108
2696
9355
2928
4869
9074
3187
8580
8025
2942
4920
9105
4373
3829
6509
7531
4652
1158
1442
1455
1910
8348
2222
5482
3572
4571
7126
9309
4964
3916
5735
5688
4635
2141
7727
6012
8908
6863
9665
9661
3009
7110
1503
8226
8713
9393
4329
7599
1976
4975
7301
3620
3721
7352
2845
5394
2931
5835
1993
9256
6839
2860
3714
9034
4250
6154
5099
9004
4385
4032
4619
6375
5066
3681
9260
7419
7132
6825
7385
5210
3295
9710
4476
4579
9863
9915
3524
6681
4049
4375
2278
4351
8873
8928
4047
8306
5685
5894
7414
1118
5949
9131
9700
9709
1931
5277
6818
9432
7684
1395
5740
6303
9185
3886
8041
5799
9856
4834
8511
6617
7260
1663
5573
8209
1875
1227
1115
7843
1315
2811
9683
3822
2870
8872
2365
1270
5805
1589
7861
2584
7486
4068
5593
6027
2918
1236
7726
2002
7616
8258
7614
5666
9679
3962
2558
1504
2940
1375
3066
5256
1558
8064
1864
5365
1230
2972
6317
8046
7747
8877
5678
1906
8835
9482
4018
4875
5742
1445
5793
8951
6258
1772
6608
2321
5905
9733
6692
6426
9995
3434
4616
2525
6384
9799
