27125240
27479782
27809716
27474126
27986050
27671656
27947227
27157747
27648837
27348935
27084955
27891890
27678121
27106127
27682795
27132206
27207727
27801860
27131415
27100914
27137565
27676906
27497468
27469461
27412736
27737704
27049521
27020733
27844699
27236514
27505829
27143595
27049856
27033383
27441175
27364386
27426420
27392319
27451319
27185672
27055730
27880378
27827056
27064347
27436766
27255483
27110221
27879919
27918364
27958101
27550435
27156911
27694231
27446758
27837996
27052510
27087530
27606476
27155136
27596118
27434799
27130441
27640557
27641975
27815410
27527733
27426115
27374885
27934237
27665741
27066640
27620106
27789636
27735552
27812233
27638813
27827133
27666703
27345416
27695563
27045803
27768365
27248742
27570793
27164777
27897166
27004031
27981178
27299329
27412843
27766863
27536476
27218479
27067070
27485052
27944996
27769392
27033356
27793469
27898631
27515499
27635127
27400553
27965884
27256331
27464406
27574609
27778611
27382116
27786702
27860590
27030664
27636523
27270472
27723614
27669682
27804839
27737204
27543606
27060985
27933228
27312840
27681005
27332342
27594894
27127345
27080197
27733570
27678627
27442016
27643233
27500769
27811081
27893942
27377813
27701081
27665427
27689284
27264898
27719911
27580875
27382232
27937766
27728966
27149079
27587473
27511373
27005545
27794565
27678437
27308183
27799070
27485194
27817114
27165408
27286748
27737076
27660246
27133632
27906978
27796365
27997909
27166468
27595550
27650264
27278279
27170314
27360599
27493298
27895537
27710016
27965489
27301790
27227750
27609571
27357907
27418255
27827672
27087174
27642486
27551067
27263092
27138362
27460297
27163642
27451340
27081634
27891200
27929698
27393287
27826519
27898572
27662522
27125407
27170143
27732801
27324972
27057856
27329193
27840832
27241229
27016079
27440413
27794109
27025524
27668514
27504546
27120461
27053124
27535371
27750819
27553064
27249170
27206835
27124398
27266427
27943945
27443082
27259734
27209658
27773299
27061067
27538567
27388974
27721925
27252407
27150754
27750131
27055198
27447643
27675432
27695173
27463010
27167477
27180089
27008474
27093765
27578847
27819305
27604416
27384857
27409178
27448906
27198910
27199874
27600260
27129849
27898425
27619669
27576304
27309790
27185948
27321915
27209656
27736240
27185814
27980203
27425089
27348117
27164051
27124417
27159120
27877488
27001096
27444139
27706686
27618433
27476314
27809456
27787008
27632344
27835444
27533387
27799992
27921434
27495260
27366456
27741349
27910565
27482645
27997752
27227485
27324792
27841810
27208551
27674727
27952852
27599142
27766026
27989570
27887704
27995903
27391360
27442460
27050180
27489896
27048635
27952781
27219654
27270808
27686922
27035755
27907386
27196024
27242602
27647159
27780183
27434262
27478047
27155844
27887859
27490231
27856450
27804472
27660849
27559597
27146565
27581262
27182610
27014729
27809096
27486293
27980543
27769506
27281559
27639651
27156812
27616012
27711882
27600272
27603408
27667141
27449535
27046978
27241818
27527459
27358621
27439969
27974063
27253641
27520783
27607880
27730815
27924858
27891222
27511561
27247747
27159997
27706934
27210264
27805084
27647780
27193159
27875869
27861677
27176420
27629235
27176583
27134158
27492434
27380775
27225884
27243080
27842973
27266695
27038767
27808877
27130395
27258006
27561269
27394771
27665729
27239146
27574467
27668033
27887103
27323471
27794648
27398710
27614291
27523849
27083126
27650483
27910828
27039876
27233934
27911489
27218871
27426312
27872366
27546759
27746177
27677548
27878393
27421540
27983719
27828153
27668485
27936886
27281115
27292446
27962680
27157401
27159871
27371676
27867838
27190155
27947394
27797906
27481586
27907202
27590679
27210462
27962492
27146956
27883479
27051754
27509621
27566919
27013564
27511347
27409522
27483088
27063229
27991696
27320127
27393813
27643114
27323610
27939153
27188817
27854919
27012020
27486230
27493178
27296561
27249235
27565412
27683886
27649868
27332546
27846266
27025903
27112443
27473729
27824534
27636088
27756751
27671477
27416898
27513415
27906511
27121815
27340253
27458189
27216003
27743810
27055696
27456049
27331003
27683024
27702816
27053358
27443678
27367113
27110245
27485527
27110326
27251493
27785130
27281322
27773638
27184067
27878121
27272705
27000759
27426530
27442743
27859550
27001798
27861932
27334823
27875181
27983292
27569132
27806827
27342979
27337723
27159817
27001247
27749955
27194330
27780302
27400937
27964753
27249821
27668805
27835705
27766664
27908986
